sat:
m               = 8.57302          +/- 0.05211      (0.6079%)
t               = 25.8724          +/- 0.85         (3.285%)

pol:
m               = 7.35585          +/- 0.1005       (1.367%)
t               = 34.7704          +/- 0.7605       (2.187%)